B = [1.2 2.3 5;
1.3 2.4 4.6;
1.3 3.2 7.8];
