A = [3 5 2];
B = [A ; sin(90) 3*5 6; [2 1; 2 5],[1 ; 2]];
C = [3 4 4 ; sin(4) 3*5 6; [2 1; 2 5],[1 ; 2]];
D = [3 6 6 ; sin(4) 3*5 6; [2 1; 2 5],[1 ; 2]];
