A = [5];
B = [ 1.2 2.3 A;[1.3 2.4;4.6 1.3],[3.2;7.8]];
C = [[B [3.4; 2.1; 3.5+9.1]] ; 1.2^3 3+1.2 15/(2.1+10*sin(0.12))  1.2];
