M = 4;
B = [1.3 2.4;4.6 1.3]
B = [[1.2 2.3; 3 2.3; B],[3.2;7.8;3.2;1.2]]
